   -1.2217  -23.0000    1.2217  -23.0000
   -1.1482  -19.5556    1.1482  -19.5556
   -1.0748  -16.1111    1.0748  -16.1111
   -1.0013  -12.6667    1.0013  -12.6667
   -0.9278   -9.2222    0.9278   -9.2222
   -0.8543   -5.7778    0.8543   -5.7778
   -0.7808   -2.3333    0.7808   -2.3333
   -0.7073    1.1111    0.7073    1.1111
   -0.6338    4.5556    0.6338    4.5556
   -0.5603    8.0000    0.5603    8.0000
   -0.4869   11.4444    0.4869   11.4444
   -0.4134   14.8889    0.4134   14.8889
   -0.3399   18.3333    0.3399   18.3333
   -0.2664   21.7778    0.2664   21.7778
   -0.1929   25.2222    0.1929   25.2222
   -0.1194   28.6667    0.1194   28.6667
   -0.0459   32.1111    0.0459   32.1111
    0.0276   35.5556   -0.0276   35.5556
    0.1010   39.0000   -0.1010   39.0000
    0.1745         0   -0.1745         0