diff [ 3.82298451 -0.01478341 -1.08064461]
ecef [1220449.59948, -4965405.76098, 3799812.61561]
pos [1220445.7764954932, -4965405.746196588, 3799813.696254615]
goal [ 3.70895906 -1.42020203  0.09935161]
diff [ 4.04425992 -0.29777566 -1.44599052]
ecef [1220449.59948, -4965405.76098, 3799812.61561]
pos [1220445.5552200768, -4965405.46320434, 3799814.061600516]
goal [ 3.8562925  -1.90886198  0.14440003]
diff [ 4.13038535 -0.46653968 -1.67097387]
ecef [1220449.59948, -4965405.76098, 3799812.61561]
pos [1220445.4690946476, -4965405.294440319, 3799814.2865838716]
goal [ 3.89964694 -2.19945638  0.15824496]
